ID,FY12,FY13,FY14
2000,59998,97,460437000,6882000
20300,20877300,38000,97900000
20400,0000,7300000,5500000
20500,7384,79,6000000,4,880000
22000,0,05723,4000000,22300000
220200,006673,4400000,3800000
220300,20000000,36058000,3490000
220400,0,200000,200000
220600,3,025000,240000,6385000
220700,1,13356350,49400000,86380000
220800,4200000,8,0000,4560000
220900,0,6600000,37655000
22000,277850,37995000,44465000
22,00,403000,5088000,58459600
221,200,05483,7,2420000,17400000
22300,1,400000,000000,3600000
224,203500,4900000,62630000
22600,50000,2,050000,6746000
229900,980,5700,5500000
230200,0,0,30000000
23040,24700850,26500000,39700000
230600,8748,95,2,000000,28000000
4,0200,0,65,000000,0
40500,0,24500000,65757600
40600,0,37500000,8000000
4,000,8593448,2023000,0
2000,9024,00,0,0
20300,000,600000,900000
20400,0700000,3500000,00000
220300,400000,0,1750000
220700,3000,0,2100000
220800,71490,6855000,2050000
220900,27200,0450000,29300000
22000,4200000,7860000,13100000
22,100,24445826,17375600,45412400
22200,50000,225000,650000
22300,44080,600000,0
22400,065000,525000,0
22600,0,0,000000
2000,453870,0,0
20300,9300000,4500000,9300000
2040,0,0,3500000
220800,4350000,2200000,550000
220900,600000,050000,050000
22,000,5071,355000,820000
221,100,2045000,0,2045,000
22200,0,40000
22400,290000,300000,050000
2000,4634300,0,0
2,0300,500,7800000,6700000
220300,00,900000
220700,0,500000,0
220800,70,3800000,600000
220900,500,40000,4800000
22000,0,7600000,4220000
221,100,0200
697600,625500
22400,008000,400000,3500000
229900,5000000,0
40500,0,50000,0
20300,50980000,39600000,90200000
20400,4000000,3,000000
22000,4500000,300000,0
220300,20000000,32992000,0
220700,8200000,4000000,0
220800,0,6000000,0
220900,98,493900,760000
22000,7842674,23220000,400000
22,00,40290,168,7982000,88978400
22,200,0,0,29540000
2240,2740000,2320000,5760000
229900,4000000,9000000,0
2000,0578500,0,0
2,0300,33070000,37000000,0
2,0400,0,2400000,6000000
2200,600000,300000,200000
220300,2000000,3,640000,15700000
220600,1,0,3200000,0
220700,7,04800,29,000,86900
220800,14,000,5000000,0
220900,284000,6400000
22,000,32248000,87985000,697,0000
22,100,0,3474800,749600
22200,3523,064,0,0
22300,800000,0,0
22400,7,40000,0780000,22220000
22600,0,2000000,0
229900,0,3500000,0
