ID,FY12,FY13,FY14
924748000
308570000
2,10400,1,770240,34000000,10800000
210500,1,27400000,38400000,38400000
220100,57784,33700000,34680000
220210,4419,1520,43300000,43300000
220300,1,45311588,48502500,49050000
22070,10175010,1,500000,106000000
220800,18000000,20000000,3,60,12000
221000,1508,10799,136207500,159020000
22,100,571003,1,44000000,40756000
221210,1,150342,3,18420000,17420000
221400,1,2211875,2430,2,1692000
227500,500000,1000000
230400,17102,1,25200000,28900000
410500,111,1,111501000,15500000,16000000
40600,0,1500000
40700,1,0,0,600000
4,1,1000,0,15050000,10000000
